ref_lat: 47.3977419
ref_lon: 8.5455938
